0,856,429,272,1021,605,128,1348,1525,803,820,437,385,1165,441,1337,406,125,631,722,17,817,773,958,70,343,904,922,477,721,1064,394,630,826,534,561,117,556,86,927,797,937,696,952,499,433,383,61,163,884,1016,136,170,308,170,452,671,503,73,505,934,208,504,298,1395,1017,1104,519,710,502,620,217,1,232,704,572,594,231,99,982,639,31,355,267,1032,414,73,779,4,1137,1632,641,531,1040,1140,147,1146,938,538,337,653,128,358,853,173,1028,335,509,647,375,223,124,634,1100,1047,234,474,628,796,48,1112,504,1397,976,1106,335,771,499,488,834,1317,951,764,980,1052,431,1099,761,199,88,1214,92,963,1329,20,621,1099,739,428,796,922,799,388,1053,481,1132,1126,985,705,664,1356,450,168,1152,476,205,1203,833,381,1303,801,594,752,1892,281,362,154,454,361,621,16,885,134,1295,990,539,638,233,411,608,643,1000,892,1298,719,725,409,150,99,511,724,1183,1062,225,1118,722,659,451,62,256,267,344,587,773,218,423,614,693,567,403,712,706,849,12,926,960,803,581,300,879,443,267,647,515,427,737,921,1008,352,1561,1326,445,185,1056,814,641,273,587,615,942,812,780,754,425,966,37,867,809,275,1074,226,421,770,622,931,1074,130,1449,337,91,860,533,1019,375,101,763,434,343,884,1304,536,642,572,90,1377,1419,286,325,807,344,225,389,880,585,1258,1170,861,830,869,635,
856,0,641,628,1385,837,555,843,123,109,97,278,734,403,381,309,340,855,157,241,542,1125,66,328,675,661,1035,653,608,601,227,542,233,668,644,4,1035,859,689,1194,1447,565,513,1373,362,581,590,1139,220,785,360,1531,116,375,606,267,1381,149,1054,10,383,485,501,1104,193,941,243,613,702,52,1183,474,775,152,456,60,616,708,544,518,1059,782,216,227,794,474,410,557,1467,112,74,1129,807,136,137,847,919,776,348,989,329,290,843,784,255,514,1151,977,854,586,282,92,28,849,427,934,625,1031,345,25,290,554,1624,508,1200,147,643,14,150,417,406,600,760,803,74,896,819,76,780,42,1026,934,702,1422,169,912,525,331,838,317,422,720,945,944,41,857,469,1303,793,166,1361,600,493,365,1179,771,173,631,428,1020,318,1206,401,763,1048,777,1034,728,734,288,92,412,495,1091,823,1386,652,836,663,982,313,727,687,169,1014,59,165,79,563,802,283,749,227,344,240,931,912,778,657,1595,307,739,1380,452,942,160,267,1070,331,80,263,604,633,883,1009,218,431,480,848,676,15,1491,1052,582,472,1401,781,372,1447,557,988,381,18,668,634,1524,1246,564,1036,239,764,480,497,213,947,623,825,666,289,733,754,862,630,628,945,862,841,1200,793,231,458,411,35,1264,1009,180,844,993,1260,627,525,307,1222,136,952,180,141,8,235,660,988,725,219,539,1062,978,227,709,317,266,
429,641,0,155,59,541,147,135,433,838,1040,809,1169,395,379,366,701,316,257,1291,1614,286,1155,798,1151,697,550,378,473,341,666,187,574,155,847,1072,1292,322,802,732,362,228,111,966,384,86,20,812,330,165,799,103,1167,284,607,969,184,557,241,1066,562,544,568,167,781,694,377,185,748,892,846,545,813,1156,71,594,149,701,443,1489,949,836,176,64,271,396,61,357,7,810,699,767,931,27,734,1001,322,221,1327,1150,15,543,649,583,487,696,759,499,664,986,147,870,735,871,758,701,381,521,245,502,797,996,516,620,830,712,1883,1195,466,834,519,1256,1006,1386,428,107,1184,438,1373,997,628,479,821,307,866,1130,67,643,1334,773,853,932,402,621,479,1368,324,1248,603,1291,798,966,798,515,215,93,912,40,427,1146,1009,430,700,327,445,770,351,685,764,209,249,414,480,1103,698,1011,496,24,360,795,1023,270,649,720,34,867,206,891,732,304,140,353,387,745,804,946,656,516,298,387,85,733,1012,610,609,1296,895,554,346,759,416,637,589,1534,496,827,423,233,445,628,349,813,767,733,1001,1187,510,220,633,1493,416,1102,368,1,775,520,196,344,363,810,316,16,105,633,615,1025,547,773,191,1168,528,447,393,621,913,306,737,637,522,390,455,735,205,1389,208,280,163,731,1230,735,693,484,154,189,892,489,326,964,618,1298,751,917,639,31,349,43,564,1392,1665,589,
272,628,155,0,1243,482,1073,724,727,159,1399,527,699,1351,730,906,824,917,452,581,992,672,21,174,1095,274,1231,815,1009,386,658,63,581,283,735,610,912,724,264,1241,58,811,705,510,1043,674,581,1136,752,1231,651,686,752,249,883,691,1157,42,191,116,165,943,398,683,407,805,105,804,919,551,837,345,684,1029,415,1001,694,681,727,570,503,975,779,385,582,615,1100,436,1094,1117,291,547,1036,1121,13,154,998,289,751,1089,432,816,248,3,861,629,8,570,268,845,123,1105,1223,386,482,1151,468,385,737,281,1075,579,385,1478,548,44,402,1085,960,442,82,907,847,1319,363,1064,247,562,70,387,633,543,627,546,567,568,774,471,79,535,238,114,140,1032,1150,272,329,579,643,19,842,478,361,945,450,283,1246,1012,217,490,1234,414,1311,1264,550,356,122,373,1206,1119,615,697,215,1137,679,460,1342,655,388,962,622,630,886,825,665,990,1178,153,531,712,458,807,1116,288,747,957,1646,256,459,318,1219,513,556,755,947,1334,1502,891,546,792,566,225,409,29,245,38,1273,69,825,1270,1385,728,873,203,640,626,289,370,937,338,1362,646,877,908,435,611,1392,759,227,681,867,357,291,676,939,852,1139,1071,319,756,777,611,951,30,661,745,1119,737,173,5,1593,918,1145,109,146,446,780,378,532,12,1177,450,647,654,212,364,455,1174,497,349,670,347,1096,777,992,1154,140,793,1353,1353,
1021,1385,59,1243,0,576,205,640,86,314,33,348,208,719,546,785,4,511,127,861,970,717,965,620,656,364,698,161,1176,806,410,116,344,812,102,1350,487,735,8,1306,569,1025,312,953,249,1160,1019,1355,904,757,994,538,972,675,419,510,374,938,86,24,671,529,984,1330,56,521,482,103,242,467,244,488,1346,347,613,494,260,595,987,731,51,405,271,440,430,1486,390,50,549,615,13,815,1164,533,575,927,193,878,1334,1081,221,977,134,1083,827,936,1148,973,434,1000,1637,1008,978,427,376,750,1014,109,599,87,779,82,1109,1118,49,82,77,457,837,64,801,972,698,618,768,157,251,532,467,707,554,329,1322,1203,319,64,666,698,693,1109,669,390,822,707,99,923,256,831,662,226,554,340,141,433,534,513,757,66,817,262,837,379,736,660,943,230,711,1217,527,348,463,505,176,245,426,656,100,534,1019,269,710,1069,834,807,309,442,552,1372,743,1514,276,484,614,976,105,1159,205,1576,338,523,697,1181,483,297,215,211,719,547,1319,859,879,270,416,469,1438,1091,1135,419,409,209,296,58,542,777,666,1260,720,109,386,742,728,1334,807,49,268,987,1252,901,1009,163,130,59,237,997,1002,951,519,1215,388,750,584,270,1860,111,359,643,205,630,570,28,503,443,651,706,377,682,947,221,324,516,725,472,114,50,1026,930,312,911,901,782,1099,895,343,692,776,478,493,783,528,124,
605,837,541,482,576,0,292,744,297,1189,768,1090,731,510,96,973,763,220,586,444,511,561,767,536,422,63,337,425,1415,721,323,1076,251,193,192,409,1449,366,527,511,1311,32,1223,195,231,854,86,904,631,1033,1347,302,254,1130,3,385,117,561,463,868,552,843,287,156,863,447,912,2,409,447,653,1418,892,345,854,381,785,598,518,185,642,606,384,223,1512,440,485,1058,30,1421,1081,1089,277,902,335,804,621,608,19,200,414,977,392,79,283,97,496,0,203,923,1295,160,1383,734,599,107,1140,593,1141,598,648,1044,676,624,193,417,989,267,577,724,538,1538,512,404,450,205,459,804,184,784,284,6,1529,668,411,805,1280,690,990,376,278,1658,202,341,1115,708,336,138,196,806,650,230,492,949,413,1089,567,419,369,302,1292,839,26,904,480,681,900,776,54,951,1150,1016,216,349,428,593,639,102,671,924,296,259,858,802,471,419,685,440,803,518,475,875,544,705,905,314,43,114,213,85,279,577,1224,691,11,723,1149,1399,741,878,303,1255,1048,1212,501,752,30,427,632,256,1055,835,745,757,993,976,699,711,286,1202,1023,50,855,361,626,129,1131,239,453,533,892,877,1594,508,947,2,732,943,376,730,101,635,681,1242,341,818,903,535,348,315,709,528,713,519,673,493,479,649,784,157,268,352,86,394,453,1061,256,680,834,349,689,789,1126,233,989,959,584,1385,165,1095,
128,555,147,1073,205,292,0,495,459,916,1007,601,520,288,927,274,1098,264,829,749,509,188,4,698,577,110,1098,18,518,286,741,974,404,720,461,787,1131,262,241,914,669,398,738,425,1021,579,1312,662,885,169,965,468,501,801,133,1092,824,427,315,388,842,164,470,857,735,747,818,1061,79,37,403,25,500,338,503,665,764,873,19,419,421,1053,535,407,1132,301,606,439,297,467,659,398,1076,1147,883,42,1026,411,410,417,148,932,1448,110,536,835,750,404,613,778,694,19,1182,29,507,714,1281,337,278,903,498,1207,834,331,985,781,1059,800,847,498,575,470,1131,280,771,701,371,600,692,1092,1356,677,332,778,178,416,144,139,549,857,693,6,483,247,493,503,1496,624,419,1000,175,853,613,514,358,642,17,96,909,210,573,113,665,574,125,658,328,1262,558,684,534,275,881,1159,819,92,638,809,837,48,535,202,583,498,457,1303,347,883,381,951,958,441,1233,974,550,125,860,613,223,943,544,384,155,810,626,741,1339,584,561,44,333,519,1186,465,554,1459,548,613,294,891,591,451,654,84,917,198,1035,765,644,50,299,769,1016,790,654,895,585,1347,606,631,162,468,763,1200,878,739,780,595,628,768,781,1257,227,711,640,383,971,1105,1607,1181,434,561,808,669,395,382,136,951,497,507,649,450,416,428,516,641,400,121,796,190,385,524,633,335,629,165,813,879,346,709,
1348,843,135,724,640,744,495,0,950,573,879,984,124,218,180,380,1118,72,1380,361,891,612,1031,598,604,393,86,449,625,1343,977,554,1091,120,530,626,1064,858,684,401,792,261,693,653,933,152,1188,494,411,300,634,145,207,198,1358,1068,345,424,665,492,533,1415,198,434,124,149,257,487,671,1214,799,104,468,631,1010,636,488,693,425,933,957,1224,93,577,1330,732,406,453,634,152,174,467,318,488,1426,773,270,575,603,491,837,1138,142,576,770,141,527,322,1356,14,674,1029,846,654,461,1200,879,126,257,598,706,313,543,725,968,900,104,155,1111,693,149,615,766,120,589,205,525,46,199,968,584,1197,839,348,316,776,9,733,1281,901,657,970,1029,494,417,348,1236,670,462,703,607,995,351,438,1238,122,172,422,1422,445,1729,580,560,642,339,1289,300,1109,576,559,727,37,956,438,412,883,452,798,762,80,298,969,1063,779,359,596,1052,539,511,889,439,48,406,670,1050,48,1275,315,62,748,460,205,973,547,626,240,470,849,5,199,763,212,520,355,794,631,843,450,319,1197,481,354,175,714,554,306,950,164,667,544,900,847,380,501,1047,569,539,11,134,613,352,188,803,800,1199,446,105,765,197,1565,1002,891,290,894,1338,42,888,799,365,1481,559,895,948,360,595,1011,666,361,822,699,855,125,585,883,294,982,1028,1336,81,226,950,597,1198,963,1013,1231,821,103,1069,750,
1525,123,433,727,86,297,459,950,0,979,1062,823,488,644,173,1285,109,303,1261,585,745,966,204,27,756,761,677,181,736,1033,597,1153,57,124,348,507,627,122,395,609,1211,239,1735,1324,782,372,462,1422,979,394,1019,767,864,897,647,624,110,1016,912,690,752,477,570,643,246,443,964,1373,276,1062,844,442,382,556,405,963,404,649,538,600,810,1107,798,767,748,161,791,702,1264,992,54,628,879,432,977,27,237,298,573,1027,204,597,1026,809,108,369,1095,167,1056,841,176,25,607,1060,225,388,406,1621,1,877,72,762,522,705,580,387,606,707,645,529,773,851,374,621,1184,390,245,2,750,595,296,578,652,811,914,561,492,412,582,1360,577,163,655,643,327,168,534,350,242,989,410,524,1493,661,1213,551,456,460,1464,999,792,854,724,807,446,268,798,1187,841,398,232,229,401,1029,431,365,1071,559,669,452,894,1296,453,323,449,1554,1156,416,720,859,721,866,22,429,386,920,597,199,252,1292,673,166,583,670,923,1001,273,826,607,284,696,1121,1104,422,648,290,775,111,449,697,334,572,459,699,130,203,692,14,635,367,475,285,1035,2064,716,603,376,1022,1081,706,1106,499,142,1259,729,42,404,246,443,714,929,501,743,627,265,170,1131,403,235,321,356,479,1,25,80,928,801,1041,671,1012,260,80,208,42,380,1319,1186,293,1169,547,928,874,1269,459,446,287,770,4,1140,882,
803,109,838,159,314,1189,916,573,979,0,616,966,327,989,241,44,877,548,847,856,310,261,515,383,230,1310,539,31,1460,1389,930,1124,882,518,1035,67,512,728,877,1208,152,1066,1331,1498,985,1017,550,418,1032,1582,1157,699,481,893,124,333,65,176,626,685,383,1194,678,390,1239,572,851,58,878,455,451,1383,146,1165,812,368,433,351,250,160,683,361,664,1097,919,876,675,658,1072,112,239,1153,248,1200,41,454,1650,555,367,718,198,1714,851,1159,375,206,480,1514,17,597,976,1093,489,234,1285,564,137,344,567,101,254,443,902,25,639,310,231,679,888,961,73,505,567,279,950,220,69,288,216,1400,717,249,195,570,888,608,770,1295,579,546,823,96,187,1182,172,808,883,464,359,230,1106,647,989,1091,589,418,169,45,575,666,5,919,205,302,1294,8,460,1504,1098,144,509,90,314,39,1625,705,228,1210,1566,798,785,375,214,554,355,724,1368,736,1006,436,1138,482,377,176,467,616,1108,274,75,483,1310,1317,1211,51,440,1225,955,402,530,846,232,921,188,1173,477,822,919,707,286,1570,1520,1179,547,957,300,506,378,1001,593,555,532,1050,223,865,1087,977,919,286,574,374,380,532,465,1151,619,758,507,867,419,423,578,123,572,811,1137,60,685,66,602,752,372,571,380,619,769,742,703,1227,980,1028,396,1133,1020,526,39,190,479,1,605,92,92,445,759,475,526,106,1251,765,90,390,
820,97,1040,1399,33,768,1007,879,1062,616,0,457,655,649,218,354,534,452,803,1216,614,504,351,1163,769,768,824,770,446,882,422,248,1173,330,418,67,638,120,73,27,642,553,1174,920,34,366,828,713,146,502,386,212,1042,185,252,732,366,526,707,759,801,1067,40,1080,626,807,903,713,60,445,350,1474,30,19,664,1040,771,784,884,682,865,711,1052,235,904,1125,559,1469,790,83,90,147,1026,1089,933,329,430,425,507,507,991,550,476,1158,1209,967,755,11,799,755,589,393,535,1068,486,680,984,800,14,623,470,707,256,691,983,225,32,606,495,436,426,853,805,984,428,292,693,844,917,626,625,597,137,963,545,59,747,1331,838,79,146,445,326,553,931,812,747,89,1305,522,681,171,1045,339,33,735,329,13,594,603,611,714,1075,317,503,156,1133,447,357,237,855,292,58,1435,83,103,901,784,845,509,1031,1033,610,1096,1243,552,1333,567,819,170,742,775,118,70,983,189,1130,984,1034,276,575,738,293,132,197,245,864,954,783,1077,210,918,913,598,327,663,1000,287,1143,496,807,873,810,99,933,355,810,1645,679,436,1157,369,336,944,797,624,315,704,938,763,821,902,753,916,232,1104,1291,581,838,722,570,776,541,893,102,654,349,1246,507,1010,186,1275,215,996,869,0,386,803,874,437,218,567,769,418,731,753,628,540,964,228,253,966,652,683,14,819,834,356,729,232,
437,278,809,527,348,1090,601,984,823,966,457,0,884,229,291,107,1196,507,179,1301,457,1127,263,249,49,262,568,736,1540,830,945,828,1455,918,906,647,541,1086,369,530,628,142,219,577,644,1279,409,223,727,1242,84,244,15,243,348,545,264,1173,1040,853,876,1001,71,1124,504,735,867,721,469,1169,572,203,658,3,666,1170,1206,546,212,1006,69,734,152,584,626,589,385,440,882,1213,776,859,257,412,1162,1522,1259,1109,1772,756,662,297,809,685,572,961,926,102,475,617,172,693,562,1521,469,354,94,81,875,747,509,431,325,103,730,647,1152,308,417,815,601,418,515,546,546,384,554,1175,997,69,540,886,874,433,93,874,1341,45,1016,723,747,821,536,41,548,1481,689,450,937,23,1002,730,568,871,298,675,724,100,414,832,345,794,1230,813,1434,691,385,1151,629,847,78,371,79,809,184,307,184,810,864,1107,486,33,538,1079,15,772,457,880,139,333,57,306,371,481,189,577,891,551,1002,970,404,694,39,986,781,903,35,1000,1462,968,4,985,781,1197,1443,738,358,105,1184,608,574,897,527,230,554,424,766,667,126,1426,779,884,1119,1371,946,91,326,70,490,138,1085,69,650,263,962,95,91,893,42,311,978,621,373,589,758,296,699,657,35,716,330,909,856,389,495,143,19,249,940,688,749,114,721,1707,572,646,862,1922,543,433,645,555,426,852,490,642,1078,480,1223,502,
385,734,1169,699,208,731,520,124,488,327,655,884,0,1112,592,55,1003,718,367,8,11,594,331,1671,248,1310,1246,916,180,1048,858,618,393,544,420,80,525,449,1290,285,35,1534,1205,983,947,942,979,159,544,714,284,170,95,628,802,101,758,381,339,789,878,940,686,393,528,681,717,35,718,943,393,415,958,252,956,253,1135,554,824,223,197,492,540,506,505,658,817,644,473,602,854,271,1069,536,747,566,451,1029,1530,721,670,258,67,399,1297,643,578,501,762,720,860,1157,393,584,582,305,828,844,720,815,401,616,906,764,830,443,442,670,423,703,358,564,543,698,386,852,425,494,52,263,758,197,1010,588,159,965,797,1164,604,168,1245,503,146,955,835,1247,512,197,388,838,687,776,1208,909,848,556,769,1431,531,265,990,338,1084,81,33,438,414,1203,640,809,18,306,718,674,755,750,167,781,382,449,364,155,387,228,219,891,930,615,650,638,94,139,533,728,697,17,1134,921,543,509,295,836,203,1098,990,169,884,643,378,930,334,388,363,728,1034,1240,178,887,1247,1148,1168,553,880,55,358,684,19,564,363,480,542,857,602,172,1267,77,906,619,313,383,305,361,600,338,561,825,1020,1245,600,860,1020,280,681,427,294,384,322,724,1087,785,960,1209,551,971,8,495,354,1143,981,521,663,747,424,1245,887,1178,109,1384,1087,736,687,678,81,619,279,1200,536,618,556,764,
1165,403,395,1351,719,510,288,218,644,989,649,229,1112,0,605,434,659,894,399,761,1056,35,69,913,757,827,1291,335,379,571,528,584,539,603,342,799,281,44,1002,510,602,345,863,390,15,1075,1047,1038,864,145,67,1,755,518,1220,563,1217,20,189,299,88,805,435,981,619,458,421,738,842,921,419,945,228,1191,434,83,835,905,916,756,25,511,154,567,421,444,240,585,1421,919,666,277,946,205,1095,353,616,1056,1072,433,1107,351,176,1153,571,919,73,478,680,1014,554,688,28,386,419,519,1045,774,503,1045,735,837,622,593,1507,193,465,327,596,1030,1308,291,235,554,611,1228,201,150,1239,596,1150,581,465,925,982,753,361,496,894,23,562,998,950,50,582,1284,664,1153,1481,971,500,998,1148,1139,546,515,693,725,1,620,152,904,551,386,1094,1235,723,665,1577,959,449,545,740,802,546,4,246,490,568,52,517,677,699,850,361,433,194,354,290,168,546,1313,404,829,432,779,811,201,667,952,462,752,1306,348,296,439,234,137,561,1372,196,938,164,450,859,610,1241,980,142,1123,892,361,1055,506,676,1045,724,822,885,995,27,374,987,563,941,530,8,624,623,589,798,1415,801,667,871,238,704,817,1304,452,599,127,502,692,432,303,704,718,129,230,969,511,1154,1125,815,248,896,264,392,1259,541,918,822,375,526,824,230,1303,1,1049,317,329,309,509,1062,1218,563,523,774,405,
441,381,379,730,546,96,927,180,173,241,218,291,592,605,0,797,754,554,560,557,930,904,512,794,705,1304,473,975,833,546,512,688,478,373,203,1127,454,158,294,432,900,5,103,310,1029,1031,63,544,392,985,973,961,97,586,1167,276,929,193,654,303,1030,543,7,601,597,1126,521,885,1572,648,822,1116,276,665,1204,174,973,126,404,305,451,608,706,101,68,358,763,993,607,502,818,1058,1118,924,254,1062,977,213,1011,851,497,883,785,621,1166,523,536,605,411,724,579,840,7,1037,451,460,626,143,644,613,592,1099,841,650,1023,539,1055,178,43,555,781,1102,10,180,107,347,100,938,465,441,814,563,342,563,824,608,1150,516,654,285,705,570,1183,853,530,794,172,348,1369,527,1132,183,561,790,1181,1251,373,479,879,204,1215,115,1068,749,884,476,637,537,838,999,833,1163,828,836,723,356,1342,294,209,693,947,163,422,867,234,555,768,39,749,203,73,407,532,617,337,1221,593,814,397,407,738,643,654,451,1599,129,569,558,23,436,637,1306,497,342,529,735,869,131,779,552,188,1011,344,279,640,638,666,875,841,283,1977,607,1151,200,399,62,933,497,1482,75,961,562,426,314,1085,446,739,754,606,611,253,671,355,158,1282,123,1229,294,379,1094,52,75,382,448,843,286,257,1197,821,798,1103,1069,315,120,539,712,777,192,1024,668,534,853,443,473,686,697,1170,672,228,1211,
1337,309,366,906,785,973,274,380,1285,44,354,107,55,434,797,0,1306,512,197,82,383,377,966,962,760,554,1395,1059,1088,293,44,744,1454,916,837,323,600,91,93,367,311,300,862,260,874,264,746,216,1121,529,200,933,512,50,18,786,285,256,1453,812,706,863,882,937,1003,632,922,481,731,402,856,530,450,896,164,1169,1019,350,1030,619,444,806,410,169,301,1222,762,921,927,1015,962,459,827,647,1738,326,654,690,101,415,156,547,763,374,1067,524,951,39,121,212,13,520,322,60,76,480,201,149,590,1125,478,582,711,424,972,1069,120,885,684,620,936,414,931,523,723,155,880,1090,351,1047,522,619,134,956,519,552,531,725,48,98,1124,337,1118,36,991,465,1369,194,258,254,15,130,512,1389,557,624,682,538,88,613,220,597,515,1223,808,1268,434,1293,533,440,576,1210,892,72,783,1049,448,899,540,247,561,540,606,1077,52,575,116,492,321,179,604,12,98,638,507,15,530,476,724,156,182,526,290,917,978,414,687,215,917,994,881,8,675,385,1016,1051,626,1064,809,717,899,140,684,290,1033,637,572,523,318,1143,251,910,376,924,1006,1155,856,816,737,630,977,533,822,1241,75,210,97,311,936,650,708,776,825,520,480,312,86,287,206,204,732,890,1235,92,413,499,152,341,134,330,1009,773,1034,515,394,1285,80,354,101,780,1132,846,828,889,72,175,926,907,350,1147,
406,340,701,824,4,763,1098,1118,109,877,534,1196,1003,659,754,1306,0,702,930,644,884,239,821,867,249,473,597,466,697,897,1478,14,1308,465,49,783,71,756,863,875,466,776,537,231,3,551,293,116,774,393,338,885,981,1650,372,530,154,105,620,16,959,689,188,527,238,714,720,346,141,239,174,968,205,1052,190,422,562,77,604,331,81,492,532,1207,90,472,274,1289,246,974,299,223,682,400,338,334,425,589,768,18,880,543,311,25,941,1025,958,195,428,272,314,4,907,248,1054,776,834,484,1458,346,362,541,631,568,395,300,633,106,793,136,773,457,1606,939,688,388,136,901,569,835,401,898,352,779,630,1151,313,1012,442,465,1564,919,860,986,1306,593,342,31,1126,649,652,1003,762,266,943,578,469,204,520,978,991,614,1111,605,1144,685,560,605,856,427,1334,426,569,745,197,122,372,453,34,433,495,624,341,477,1445,15,428,588,95,128,720,763,501,752,5,126,706,858,460,1029,39,1222,667,1180,484,383,906,1235,339,572,513,828,279,1031,928,1170,421,1421,541,356,1132,104,1198,432,382,620,530,817,368,434,656,1229,728,230,1197,679,385,226,476,740,530,341,701,231,399,1273,967,36,619,566,483,630,860,985,749,398,53,662,1144,576,1195,193,560,566,301,244,535,625,755,882,985,475,854,981,1270,351,447,306,424,230,685,111,554,435,836,224,1353,674,1316,27,
125,855,316,917,511,220,264,72,303,548,452,507,718,894,554,512,702,0,13,374,591,456,533,973,544,820,261,962,671,976,259,1135,221,741,1074,333,24,1089,614,562,505,1190,537,21,93,587,2071,610,271,378,547,751,1177,597,916,861,708,1090,398,136,1069,647,1671,801,126,804,1264,1195,64,618,154,539,741,406,183,926,554,121,673,386,706,1079,652,755,931,283,899,1169,738,693,936,123,1254,367,788,384,91,529,874,4,1514,583,857,749,466,614,1519,1052,117,98,555,272,919,130,1180,471,544,544,54,809,236,554,1034,1131,864,457,813,1472,535,111,33,797,156,147,873,419,245,346,835,374,336,181,187,159,455,115,1577,355,672,304,298,256,475,75,435,660,244,1062,620,701,748,1254,366,344,846,567,538,737,1195,103,901,727,632,506,93,221,911,519,476,635,812,1029,1122,501,1248,290,703,937,334,290,139,194,399,365,1410,762,265,658,630,527,345,422,1078,865,1333,927,172,665,175,730,505,24,1143,535,404,637,306,849,706,923,587,459,1199,645,560,536,785,436,771,979,661,651,103,677,418,308,688,884,612,918,455,840,821,581,116,979,662,192,832,951,1234,54,328,515,407,1029,1052,941,1040,0,968,134,1412,299,557,1177,734,246,364,44,1440,681,742,414,1069,998,151,334,806,582,173,430,524,137,453,38,327,769,1210,240,748,542,616,510,450,592,429,102,141,290,
631,157,257,452,127,586,829,1380,1261,847,803,179,367,399,560,197,930,13,0,448,1018,823,541,126,709,1171,976,1115,729,708,62,9,271,345,73,455,928,480,1795,645,702,242,448,1708,261,575,786,147,47,1088,750,1206,376,296,801,261,122,1019,878,101,243,422,647,1222,649,546,461,297,467,718,384,759,881,229,664,1069,155,210,408,911,714,94,556,314,1169,136,874,879,1454,1035,298,1211,750,551,1294,735,357,10,515,116,470,85,511,446,878,876,308,637,1110,873,930,825,895,897,850,577,864,601,94,347,1213,698,1084,539,397,700,763,108,629,1029,613,646,774,258,593,82,352,436,1016,582,339,568,937,907,983,8,529,562,825,355,195,1084,519,340,706,206,1412,281,642,219,49,1339,1328,765,26,401,987,504,613,393,351,825,432,672,1075,491,1115,587,1544,856,326,783,48,845,654,1060,23,420,697,963,650,215,228,863,99,898,915,992,46,337,610,451,346,1400,1326,712,454,394,518,893,87,778,337,272,433,298,170,646,140,616,396,1010,350,311,380,413,1137,679,1454,974,265,547,620,898,638,186,637,31,450,296,695,947,493,1078,514,502,107,435,691,953,332,271,122,739,367,132,4,367,47,1208,1201,1342,112,817,1192,189,936,572,759,448,671,559,685,864,970,446,1372,325,882,588,433,288,500,901,291,776,897,1005,210,366,234,15,1100,588,374,1234,359,548,1005,245,
722,241,1291,581,861,444,749,361,585,856,1216,1301,8,761,557,82,644,374,448,0,1595,637,711,960,563,286,506,556,312,45,261,906,152,403,279,452,396,970,462,673,722,1249,858,1448,680,358,1132,66,860,403,536,797,333,1045,1441,533,773,738,417,94,164,892,696,76,778,102,573,962,1542,904,443,792,425,1570,416,1204,63,601,622,462,907,1107,72,1355,260,107,223,951,1181,634,553,49,567,143,488,325,523,1074,66,438,74,584,846,347,745,207,623,717,725,204,1085,726,75,429,459,797,656,177,1560,944,183,327,680,269,197,748,760,612,1094,722,707,22,965,38,608,360,318,860,221,700,1693,213,610,146,973,408,1105,538,215,242,930,313,920,334,72,280,141,461,933,189,614,575,158,205,561,468,766,544,394,423,788,478,1,793,691,723,834,1527,383,555,109,815,983,677,208,971,763,356,666,1050,1085,833,724,210,91,978,192,311,50,8,71,216,910,378,108,623,488,906,632,562,1323,1671,284,481,843,726,1145,151,1036,1114,494,784,179,519,645,578,646,998,625,673,1075,671,438,175,743,902,49,980,632,1179,482,255,1185,871,552,1609,329,1210,69,910,429,631,540,432,10,797,738,353,718,512,944,603,377,510,516,709,888,52,1122,486,628,1117,420,366,859,1221,1201,1431,443,153,64,904,500,1047,1014,346,522,125,702,496,648,1004,606,961,690,89,1141,123,810,687,
17,542,1614,992,970,511,509,891,745,310,614,457,11,1056,930,383,884,591,1018,1595,0,718,86,641,630,10,249,829,186,684,139,658,1045,345,1335,817,669,547,1234,601,454,502,858,812,1030,866,571,624,270,76,988,134,62,207,314,1043,1112,499,805,748,442,356,565,1180,912,1117,659,46,635,119,677,109,1161,609,302,1004,94,811,1339,353,809,246,1480,137,1243,229,206,550,838,1347,206,154,608,730,243,1154,938,12,533,495,998,110,409,164,466,720,791,106,687,535,801,754,894,805,226,193,483,965,735,445,594,484,183,1250,150,157,787,708,542,75,350,703,129,1043,642,299,881,452,295,514,828,710,403,1226,1721,884,731,856,629,248,1085,711,550,363,681,729,1041,634,587,720,70,635,774,589,876,279,1046,404,486,718,1463,606,434,1513,92,805,604,1197,193,324,163,380,947,1027,18,506,284,207,1149,597,573,423,1275,975,656,637,377,298,97,179,806,1008,530,28,401,424,295,290,1292,427,1377,1052,776,511,1238,968,594,368,389,306,405,961,163,15,132,898,1347,105,559,810,324,1473,19,1195,364,1171,812,377,1040,948,1370,692,955,376,389,1054,377,1250,68,1355,398,448,865,487,224,338,1255,348,800,863,783,532,1031,283,543,346,861,605,1037,145,548,345,92,480,221,721,446,674,490,1079,575,1342,601,909,107,760,885,413,261,89,394,90,1053,508,653,724,707,267,1011,486,
817,1125,286,672,717,561,188,612,966,261,504,1127,594,35,904,377,239,456,823,637,718,0,1058,470,1000,488,1180,190,88,798,356,1687,313,591,235,745,1024,679,664,460,423,298,201,685,674,1065,1358,59,117,461,182,535,764,883,1071,880,59,922,772,270,1235,979,96,168,1057,1005,800,1036,1272,818,507,201,723,0,293,786,862,756,514,746,881,401,832,556,633,334,461,855,819,333,838,303,359,482,742,671,544,661,637,757,840,10,924,458,883,191,908,729,253,90,1176,996,148,604,1041,605,437,608,1375,698,854,187,1036,178,1046,67,495,489,788,385,545,1385,837,311,1244,333,735,885,733,169,868,346,249,994,500,9,535,550,436,1008,193,1411,1257,685,466,779,526,660,586,304,502,8,1039,906,431,710,440,600,356,431,504,1171,742,273,431,507,153,324,932,745,363,518,547,669,312,450,749,868,7,401,223,448,1850,90,701,696,1404,905,896,549,461,199,719,1029,401,752,435,408,1292,200,292,848,362,373,308,744,960,1017,311,267,368,809,714,701,1216,777,777,31,681,878,515,490,609,1147,1001,486,679,196,274,209,747,1067,1265,41,648,517,1047,558,954,50,446,1165,859,383,724,520,52,1254,971,1072,576,527,741,989,345,1147,403,373,790,897,153,576,235,872,726,1433,201,878,611,862,227,759,488,441,1159,879,483,305,413,583,1013,151,425,1002,215,713,671,1004,858,269,
773,66,1155,21,965,767,4,1031,204,515,351,263,331,69,512,966,821,533,541,711,86,1058,0,534,1001,578,40,526,474,1274,580,709,1015,547,681,608,542,677,364,537,60,398,373,218,610,760,1239,424,443,149,255,543,1026,516,256,820,833,660,53,1190,399,912,134,552,86,690,146,1215,1526,18,769,530,849,391,1531,722,1153,597,346,712,187,1047,612,500,231,246,1088,335,709,282,1070,258,433,23,867,309,172,384,1059,803,1013,1169,542,547,441,396,741,772,802,439,23,1324,266,831,425,642,396,535,697,717,478,379,670,359,326,884,1012,112,709,1092,768,568,507,10,795,1148,647,857,835,535,239,209,502,565,478,1130,57,494,1231,1054,684,1246,316,610,561,324,445,376,339,490,218,791,464,674,269,438,529,77,337,225,705,331,384,684,154,1154,1174,191,1023,597,201,639,580,651,395,988,548,761,190,1240,804,959,1646,944,527,119,1029,395,930,164,276,654,327,1095,1119,673,1100,195,619,450,95,400,650,745,751,632,590,388,563,553,1244,254,157,233,819,710,678,329,667,642,551,742,513,1019,1137,1351,703,670,734,725,199,135,681,586,602,301,356,563,1361,102,578,1043,39,485,1238,1132,1128,383,581,268,1475,908,275,884,678,556,1049,25,44,513,1058,410,669,736,1004,983,478,311,282,112,352,1475,850,78,1156,870,696,134,474,153,605,604,276,877,1130,603,466,122,724,557,
958,328,798,174,620,536,698,598,27,383,1163,249,1671,913,794,962,867,973,126,960,641,470,534,0,187,638,175,477,53,1335,657,444,978,149,750,609,430,922,854,730,726,1211,977,467,1086,763,389,588,362,1599,604,774,706,127,1001,133,722,189,1215,1161,376,299,904,54,1387,1124,573,1348,1220,14,646,570,70,381,631,1072,900,1307,728,946,1362,861,79,877,1269,338,34,26,351,256,120,214,734,682,43,98,517,1175,986,395,969,1040,189,942,556,1024,166,1024,197,1054,109,861,109,395,401,647,114,627,699,646,1271,148,326,483,588,148,248,318,565,587,734,844,1109,427,319,723,643,441,1169,534,457,388,448,500,878,93,449,967,60,489,260,1029,1414,348,1306,91,109,1021,1085,106,1010,456,395,365,727,720,703,1142,297,441,1017,781,935,678,288,134,300,936,623,388,557,1288,583,82,685,558,916,760,1311,92,488,49,537,199,283,103,143,337,1197,507,115,487,816,958,529,384,716,534,10,1175,544,813,836,1243,832,244,692,371,248,223,360,400,146,1309,249,138,388,906,458,227,1157,441,1095,474,966,482,1517,609,1006,483,655,106,360,941,317,425,154,760,337,665,503,446,907,221,129,486,515,736,366,795,540,851,252,338,781,817,825,759,296,1211,496,73,209,842,452,84,928,684,536,457,675,671,310,332,869,43,955,670,865,412,112,772,875,135,645,750,329,993,777,386,
70,675,1151,1095,656,422,577,604,756,230,769,49,248,757,705,760,249,544,709,563,630,1000,1001,187,0,673,837,466,690,163,869,366,494,351,205,1163,655,478,1386,1381,689,1069,57,753,648,231,1375,337,1192,1429,208,673,560,305,1022,73,15,1220,478,361,328,331,299,844,909,1203,977,1393,833,420,641,737,203,263,778,1169,904,1230,725,641,371,101,584,1056,338,750,31,406,147,211,818,1023,1452,673,547,808,558,814,218,645,650,862,1069,1202,137,757,614,1184,809,405,776,98,918,592,462,365,384,298,1085,809,245,498,632,608,1089,286,845,612,259,231,450,584,383,1183,54,431,392,1036,605,585,1361,183,185,902,765,17,160,638,403,1172,827,829,1002,363,460,259,919,258,383,713,924,363,711,456,217,1038,1007,200,647,1147,172,543,862,727,163,1001,74,801,356,569,999,104,108,578,132,878,821,479,322,1216,570,493,826,609,768,721,1697,361,503,731,149,918,241,735,595,628,524,414,251,1232,1010,399,820,953,12,446,1050,215,927,727,380,632,1295,796,185,719,143,1083,398,1309,568,186,962,40,221,1058,803,521,614,19,898,888,416,400,336,596,1033,1011,1028,240,570,34,382,462,805,714,1135,685,697,1558,719,1018,782,632,255,480,122,843,532,1035,379,852,114,143,18,754,968,1371,74,190,332,629,560,920,363,836,472,133,258,986,507,1010,635,1239,361,582,1003,730,562,474,
343,661,697,274,364,63,110,393,761,1310,768,262,1310,827,1304,554,473,820,1171,286,10,488,578,638,673,0,98,815,581,1101,1785,838,475,521,768,309,534,625,207,683,288,284,503,151,564,1359,435,159,1045,258,317,529,274,634,210,682,281,1054,1627,628,719,219,805,790,99,764,252,524,250,173,720,576,33,255,209,456,556,508,1277,477,1128,413,57,439,1337,542,1294,147,387,846,364,472,736,1122,606,750,80,806,54,784,1446,697,795,961,1220,648,221,1003,270,567,844,487,662,124,635,528,458,1142,1277,1011,98,1065,1070,441,83,502,1247,1247,335,845,322,1174,465,763,531,954,668,536,939,157,347,879,14,1040,1135,181,958,470,795,40,303,761,67,205,779,531,3,517,1221,332,602,695,367,756,816,429,1222,498,616,663,95,365,497,205,1093,780,225,491,596,417,1181,587,710,15,634,599,670,1226,882,614,835,774,1261,163,658,856,295,1128,782,78,252,746,64,898,1042,914,1113,285,898,925,1152,189,961,559,211,745,1046,168,460,289,747,894,649,785,600,648,950,983,1146,73,322,622,1237,1013,1250,231,378,532,671,176,795,243,246,306,953,249,994,397,879,600,125,1212,727,621,368,479,787,964,143,444,324,321,611,423,148,334,322,735,1302,1008,587,338,866,1141,245,287,550,279,121,597,471,959,432,269,962,999,1162,1129,632,1146,1169,287,84,1062,799,671,707,167,544,609,
904,1035,550,1231,698,337,1098,86,677,539,824,568,1246,1291,473,1395,597,261,976,506,249,1180,40,175,837,98,0,1009,757,491,358,557,444,848,290,737,778,846,402,898,805,1059,759,706,654,1089,599,222,355,9,808,823,772,664,109,255,599,435,629,722,1441,428,216,380,111,1147,557,711,310,522,805,582,719,32,315,270,217,840,1128,726,1239,786,109,735,71,46,541,479,1021,928,294,517,79,341,1891,734,714,435,150,988,175,84,1178,276,739,663,897,182,804,340,386,1099,1333,366,1045,801,1247,808,586,132,611,687,146,197,306,1403,1223,308,561,145,782,1295,396,924,614,630,722,789,214,1155,1079,1065,337,937,69,553,431,1382,11,354,242,1100,190,492,574,926,846,606,451,272,50,941,295,239,932,1008,583,197,334,213,474,386,1131,298,832,9,413,176,518,467,485,794,647,1160,139,594,810,918,55,638,617,535,133,997,841,417,1159,504,547,883,123,1029,705,714,1134,828,638,759,672,359,325,768,658,1015,584,798,1406,160,527,309,895,593,66,389,494,870,227,590,31,77,667,1182,365,26,152,853,340,634,651,585,210,878,791,515,891,1123,1081,788,620,123,1184,652,649,630,48,596,360,762,388,461,987,503,1045,864,849,502,477,860,1059,646,550,7,569,730,65,179,714,543,929,624,20,163,951,501,636,509,377,302,1257,938,386,410,591,1392,549,150,1240,1373,486,469,
922,653,378,815,161,425,18,449,181,31,770,736,916,335,975,1059,466,962,1115,556,829,190,526,477,466,815,1009,0,774,620,567,132,684,634,1090,868,1118,807,811,340,163,877,1496,868,620,258,233,711,859,270,29,681,8,183,93,713,1043,118,747,439,144,301,876,1200,683,1192,489,570,33,339,267,577,539,1030,1011,750,382,66,1048,635,1045,614,661,803,81,29,749,291,471,834,561,1687,865,196,561,1057,1360,319,863,905,938,191,618,655,639,729,132,242,141,376,1226,1240,669,958,1011,872,347,733,792,221,902,239,56,59,396,1260,693,771,559,594,450,171,213,128,72,878,746,978,783,44,990,1611,1350,334,858,78,791,657,633,183,1159,555,891,1388,1357,218,636,77,1076,478,613,526,427,338,63,688,706,691,1104,444,327,294,1020,639,192,770,936,224,507,562,1032,457,424,1162,960,788,467,1148,501,691,573,511,1176,347,317,804,432,58,602,576,514,255,419,1022,1132,789,283,265,600,1001,372,895,203,1230,438,502,1233,9,73,602,1152,1452,1090,315,599,520,674,1231,970,590,1206,741,22,401,527,854,1049,1065,549,609,515,325,1262,807,544,911,204,357,580,1045,236,1240,231,328,744,370,991,201,1089,71,1083,775,372,824,177,645,1183,248,148,241,5,865,868,387,697,78,701,239,683,1147,756,533,1031,757,408,319,204,1177,251,711,1039,1026,503,56,1552,480,35,148,1131,249,
477,608,473,1009,1176,1415,518,625,736,1460,446,1540,180,379,833,1088,697,671,729,312,186,88,474,53,690,581,757,774,0,521,594,1011,279,1022,701,844,291,915,510,869,564,468,183,908,327,23,804,1098,259,272,590,746,1448,678,814,717,872,568,611,490,717,909,708,590,526,347,619,88,990,349,533,163,358,465,1235,910,1074,702,1109,1137,1204,1128,576,758,741,506,459,606,479,50,1124,428,686,315,1137,608,589,598,354,721,269,103,810,149,746,802,1219,361,748,667,331,1163,1080,1060,327,673,275,204,388,946,977,541,144,374,1149,1344,1544,320,359,1251,932,244,843,369,1123,1483,144,795,737,764,525,705,333,776,373,291,488,313,493,70,375,113,660,154,307,250,166,578,942,286,486,545,366,867,585,956,622,590,52,555,566,726,734,203,610,660,789,1082,896,863,444,1009,1005,141,1064,758,305,863,652,150,874,451,466,414,95,1064,1206,1052,551,214,386,614,895,541,615,353,436,966,0,205,654,627,368,324,131,577,683,496,538,817,520,844,360,1074,897,166,694,12,1019,914,132,498,8,51,759,451,186,342,362,365,649,842,620,860,335,331,731,401,703,539,442,1036,506,189,1360,506,730,504,189,717,503,17,293,385,111,420,223,171,809,1335,813,199,549,524,4,229,825,303,528,595,309,597,320,909,1073,1112,494,644,248,898,1061,765,383,696,309,42,456,391,112,251,
721,601,341,386,806,721,286,1343,1033,1389,882,830,1048,571,546,293,897,976,708,45,684,798,1274,1335,163,1101,491,620,521,0,404,62,1171,840,1176,302,386,525,421,185,621,1123,965,1033,907,1360,416,567,10,197,217,395,211,762,591,387,245,427,727,620,910,406,271,46,510,399,928,722,174,257,210,965,611,859,833,1108,919,724,669,476,749,481,152,1183,373,880,526,92,306,1183,1113,1153,1027,38,832,496,1206,446,319,1073,576,1009,347,300,824,726,672,447,14,311,458,267,805,586,622,1101,624,1546,509,557,210,559,1152,485,397,126,1029,575,811,748,237,199,460,13,304,560,673,1066,611,227,356,671,1258,1198,420,288,98,176,732,626,689,571,493,1098,662,1205,839,311,917,688,388,191,1083,176,1430,237,442,1185,944,45,270,1018,581,343,892,138,86,1528,1081,674,344,238,1334,492,723,377,701,858,831,154,1281,486,636,750,618,1542,532,376,136,718,231,861,256,403,55,130,1341,268,662,964,143,692,671,812,786,734,144,1465,991,538,994,739,1273,583,626,1028,423,827,123,810,296,1510,1072,186,939,347,377,665,624,694,90,693,642,615,571,179,157,1068,380,1511,645,195,702,508,1222,561,893,711,680,928,880,695,1048,361,810,1120,322,257,983,1076,487,582,1390,752,734,186,599,722,403,626,46,1019,564,1254,312,1014,153,9,589,555,722,69,323,351,405,1430,583,431,680,530,
1064,227,666,658,410,323,741,977,597,930,422,945,858,528,512,44,1478,259,62,261,139,356,580,657,869,1785,358,567,594,404,0,1319,422,1126,302,1128,4,710,293,272,115,216,254,885,606,778,703,779,626,760,836,863,1227,809,669,967,427,487,1036,561,940,550,212,630,734,1076,1383,996,870,548,636,241,148,1287,1619,991,838,695,920,929,629,197,192,255,534,1055,699,1099,114,1011,813,1242,91,487,758,573,270,1077,669,23,398,236,384,514,921,655,336,597,1014,1112,320,946,209,518,239,557,28,716,707,532,782,196,942,1450,409,1143,1208,457,1092,412,1333,260,400,633,252,822,979,736,952,794,614,872,488,72,1005,631,1242,944,852,582,617,42,145,782,160,399,979,365,437,878,1051,320,267,622,803,835,485,707,633,1242,378,789,1256,432,36,887,850,263,780,201,13,890,268,829,625,171,727,12,569,1262,511,362,538,274,755,441,811,514,129,255,482,557,543,844,968,643,512,428,605,279,324,838,739,1253,588,272,196,158,624,650,268,317,811,8,91,936,877,686,652,230,487,481,1150,354,319,646,1222,919,754,235,885,250,503,394,1248,1211,15,535,558,629,499,7,310,866,723,76,1265,8,270,383,1446,324,652,652,439,275,689,812,982,685,714,1503,901,649,509,78,673,638,636,1093,904,1004,471,500,617,1102,542,673,867,465,825,1060,1087,322,817,533,1030,183,724,176,
394,542,187,63,116,1076,974,554,1153,1124,248,828,618,584,688,744,14,1135,9,906,658,1687,709,444,366,838,557,132,1011,62,1319,0,953,453,911,939,517,642,179,1216,852,522,563,227,622,747,758,879,823,272,400,1238,305,689,271,123,204,423,169,220,329,729,705,627,46,358,794,608,1204,81,701,348,618,193,595,362,263,783,800,10,667,496,353,1124,102,396,188,1234,412,201,483,771,480,1051,266,580,920,453,170,407,871,107,761,26,20,876,589,444,273,946,1052,553,344,184,707,283,298,704,718,373,910,410,1051,902,464,669,702,335,595,684,665,985,934,1234,436,417,468,270,635,705,176,614,546,665,550,398,1272,1003,766,1044,1179,795,698,781,938,432,1041,906,136,642,1063,649,746,1170,59,1176,383,871,525,393,190,524,224,269,292,277,965,521,1433,964,139,607,111,1084,1071,248,455,629,630,292,535,684,30,850,942,679,345,139,838,269,1232,466,396,1075,461,490,773,398,42,289,109,614,1037,16,694,1136,341,643,761,1530,966,271,576,319,1107,246,367,548,72,13,353,394,952,1130,161,607,1475,344,881,8,620,322,587,488,781,1009,706,1070,874,1018,893,563,36,226,60,716,383,457,160,967,513,430,438,536,727,1363,110,390,61,935,351,293,92,489,453,677,566,610,268,39,477,117,78,385,889,125,594,7,1049,1040,16,111,480,1039,776,370,724,625,443,955,
